Date,Counter Party,Reference,Type,Amount (GBP),Balance (GBP),Spending Category,Notes
12/12/2024,Faster payment,Ref: 4591079047,FASTER PAYMENT,500.00,500.00,INCOME,
12/12/2024,Faster payment,Ref: 9075700677,FASTER PAYMENT,13.60,513.60,INCOME,
12/12/2024,Faster payment,Ref: 7668591956,FASTER PAYMENT,24.85,538.45,INCOME,
12/12/2024,Faster payment,Ref: 1848932126,FASTER PAYMENT,17.71,556.16,INCOME,
12/12/2024,Faster payment,Ref: 4768908434,FASTER PAYMENT,2000.00,2556.16,INCOME,
12/12/2024,Faster payment,Ref: 9252556519,FASTER PAYMENT,4.98,2561.14,INCOME,
12/12/2024,Faster payment,Ref: 2968617991,FASTER PAYMENT,2.33,2563.47,INCOME,
12/12/2024,Faster payment,Ref: 8969791866,FASTER PAYMENT,34.53,2598.00,INCOME,
12/12/2024,Mickey Mouse,External Payment,FASTER PAYMENT,-34.30,2563.70,PAYMENTS,
12/12/2024,Mickey Mouse,External Payment,FASTER PAYMENT,-7.60,2556.10,PAYMENTS,
12/12/2024,Mickey Mouse,External Payment,FASTER PAYMENT,-28.03,2528.07,PAYMENTS,
12/12/2024,Mickey Mouse,External Payment,FASTER PAYMENT,-25.63,2502.44,PAYMENTS,
12/12/2024,Mickey Mouse,External Payment,FASTER PAYMENT,-6.41,2496.03,PAYMENTS,
12/12/2024,Mickey Mouse,External Payment,FASTER PAYMENT,-32.72,2463.31,PAYMENTS,